[1,["dfSCAY8fVDGaZGtar3Kqy/@e0be2","dfSCAY8fVDGaZGtar3Kqy/@73b7f","dfSCAY8fVDGaZGtar3Kqy/@b9e10","dfSCAY8fVDGaZGtar3Kqy/@438fe"],["_parent","node","root","data","_mesh","_skeleton","_defaultClip"],[["cc.Node",["_name","_prefab","_lrot","_euler","_children","_parent","_lpos","_components"],2,4,5,5,2,1,5,9],["cc.Node",["_name","_children","_prefab","_lpos","_lrot","_euler","_parent"],2,9,4,5,5,5,1],["cc.Prefab",[],3],["cc.Node",["_name","_children","_prefab","_lpos"],2,12,4,5],["cc.SkeletalAnimation",["node","__prefab","_clips","_defaultClip"],3,1,4,3,6],["cc.CompPrefabInfo",["fileId"],2],["cc.PrefabInfo",["fileId","root","asset"],2,1,1],["cc.SkinnedMeshRenderer",["node","__prefab","_materials","lightmapSettings","_skinningRoot","_mesh","_skeleton"],3,1,4,3,4,1,6,6],["cc.ModelLightmapSettings",[],3],["cc.Skeleton",["_name","_hash","_joints","_bindposes"],0,12],["cc.Mesh",["_native","_hash","_struct"],1,11]],[[6,0,1,2,2],[0,0,5,1,6,2,3,2],[0,0,5,4,1,6,2,3,2],[1,0,6,1,2,3,4,5,2],[0,0,4,1,6,2,3,2],[5,0,2],[2,1],[0,0,4,7,1,2],[0,0,5,4,1,2,3,2],[0,0,5,7,1,2,3,2],[1,0,1,2,3,4,5,2],[3,0,1,2,3,2],[4,0,1,2,3,1],[7,0,1,2,3,4,5,6,1],[8,1],[9,0,1,2,3,4],[10,0,1,2,3]],[[[[6],[7,"VD043_Jetpack_Flyer_Anim_Idle1_Breath",[-3,-4],[[12,-2,[5,"28pBcjDohUb4AzDBBfKdDP"],[4],5]],[0,"b5rBBfoZ9bsIhUnvsuBN/a",-1,0]],[10,"Bip001 Xtra01",[[1,"R hand handle1",-5,[0,"eeGFK5xAVaDphJjMzVB8My",1,0],[1,0.5100117921829224,-0.03201562166213989,-0.45077818632125854],[3,-0.005188420423502014,-0.7068445694211046,-0.09790486113521249,0.7005415570396214],[1,-8.448483427837095,-91.06499193160911,-7.460233031588316]],[1,"R hand handle2",-6,[0,"f75Vvw3AJQ8r0snPhCWKa6",1,0],[1,0.2482302188873291,-0.8186889886856079,-0.5586746335029602],[3,-0.025460728985730388,-0.697277535255075,-0.11748181848691609,0.706649709851444],[1,-11.627194806311339,-89.99976177097336,-7.500254563933692]],[1,"L hand handle2",-7,[0,"c3bgH00r1cobg9SgEi7z2M",1,0],[1,0.2816418409347534,-0.8178844451904297,0.6075959205627441],[3,0.05604491530924374,-0.6981601303515795,0.14023021234062308,0.6998334711932184],[1,16.032384555808207,-90.81843994511613,6.77778383509979]],[1,"L hand handle1",-8,[0,"3d8mrnsVBeH4/ODmCXTKmE",1,0],[1,0.5100117325782776,-0.03201943635940552,0.45100128650665283],[3,-0.10807455599566979,-0.7104745087690618,0.032465518327416114,0.6946163350047502],[1,-6.0919464591023464,-90.68144331892557,11.45922968505323]]],[0,"7f2KCiw7BRnI0wsYzG8QHj",1,0],[1,0.24099814891815186,-0.5346709489822388,-0.0000022221356630325317],[3,5.66752508525438e-11,-0.000002784897083942903,0.9999964754732449,0.0026550015691793652],[1,179.99968087090986,-179.99999914621426,0.3042411264629999]],[4,"Bip001 Spine",[-9,-10,-11],[0,"51tMNkAA5THpdx5NM2ExI7",1,0],[1,0.06027185916900635,0.032107848674058914,0.0017063021659851074],[3,0.01831307293887407,0.02004462701512546,0.051330083007181865,0.9983126097900575],[1,1.9880965062524896,2.1976265180429233,5.924685929600534]],[11,"Bip001 Neck",[[-12,-13,[1,"Bip001 Head",-14,[0,"e2KJyNUGpdMINEAG4Yk2q0",1,0],[1,0.06547927856445312,-0.000014360994100570679,1.862645149230957e-9],[3,0.03445632421258817,0.011725077534988505,-0.04653003863194179,0.9982535949263923],[1,4.024421030307099,1.5316579143910214,-5.2838288446271795]]],1,1,4],[0,"b55AZz6pFcC7+xSl441Xvv",1,0],[1,0.3603935241699219,-0.06606259942054749,-1.862645149230957e-9]],[4,"Bip001 L Hand",[-15,-16,-17],[0,"999SaDWINWIbpwBS/M9+VN",1,0],[1,0.27253085374832153,-5.960464477539063e-8,0],[3,-0.7419664123320368,-0.09395094038083236,-0.025406443964477346,0.6633351915719257],[1,-95.90594946615346,-9.396061037980928,6.068126523038534]],[4,"Bip001 R Hand",[-18,-19,-20],[0,"80BCjXT/5dmLc4Z8bbSbDr",1,0],[1,0.27253082394599915,5.960464477539063e-8,-5.960464477539063e-8],[3,0.7424006876752727,-0.16733713039192535,0.0373819833801062,0.6476434907030624],[1,96.15859035195534,-16.1331769299178,-11.539415377468101]],[2,"Bip001 Spine1",3,[4,2],[0,"57xijJxO5cmK6P81n76WbG",1,0],[1,0.30468177795410156,-0.00024194270372390747,-0.000008396804332733154],[3,0.01652411234166925,-0.023288617600632614,-0.03368326748875341,0.999024539985306],[1,1.8062750228980584,-2.6092475452322503,-3.9031688345757445]],[2,"Bip001",1,[-21],[0,"63HEKx8o9YB6kSgzTCIrjA",1,0],[1,0.025053977966308594,0.7133909463882446,0.03748690336942673],[3,0.45922955925457043,0.5376878387195055,0.5376878387195055,-0.45922955925457043],[1,-90,-98.99990617392913,0]],[8,"Bip001 Pelvis",8,[3],[0,"a0XK//3hVVKqf0ORjoBzAm",1,0],[3,0.5203319787540229,0.4855473935194539,0.518123626665281,-0.47439041729740306],[1,-94.4967349616145,-90.48229397300277,0.7853151089261627]],[2,"Bip001 L Clavicle",4,[-22],[0,"7fj8rdB7xSIaLFcVj7o6Tn",1,0],[1,-0.15008139610290527,-0.029379824176430702,0.16028693318367004],[3,0.7379414630554331,-0.0002946540265846981,0.6748646076676733,0.00026758207934930825],[1,179.95458604417567,-84.88728416552377,-0.0042233576805496]],[2,"Bip001 L UpperArm",10,[-23],[0,"2exI0aKD9U6Jy/Z1xxXMV7",1,0],[1,0.1752856969833374,1.30385160446167e-8,0],[3,-0.1909291589128922,0.5413013679400174,0.055306404652568766,0.8169945452372911],[1,-21.986797837186934,65.75393827764961,-6.680364579993282]],[2,"Bip001 L Forearm",11,[5],[0,"88AMx8oupVo4pSbF2Sm/Ki",1,0],[1,0.30327725410461426,5.551115123125783e-17,5.960464477539063e-8],[3,1.4625413342768572e-17,-3.263487547518527e-17,-0.6823387669725535,0.7310361188658021],[1,-1.9273518689805456e-14,-2.31052198399669e-14,-86.05334796136489]],[3,"Bip001 L Finger0",5,[[1,"Bip001 L Finger01",-24,[0,"a4X8sO0C1elrT9vAzFrad2",1,0],[1,0.12686099112033844,-5.960464477539063e-8,2.220446049250313e-16],[3,6.7717409268558375e-9,3.1071960473302073e-9,0.4170408535278855,0.9088877414118494],[1,8.537736078717935e-7,-3.8379800353244007e-14,49.29580931519125]]],[0,"d8LJZpD19YsJ3ozRhBDoHB",1,0],[1,0.05214601755142212,0.010561108589172363,-0.07510733604431152],[3,0.6746811945821796,0.29407200561851043,0.24056166692344885,0.6328167393453507],[1,92.10049931983626,3.827088343668838,44.52919453220961]],[3,"Bip001 L Finger1",5,[[1,"Bip001 L Finger11",-25,[0,"01JE6NhalfHYcR5WJH4qe7",1,0],[1,0.11407226324081421,5.960464477539063e-8,5.960464477539063e-8],[3,-4.066922923868787e-9,1.4455938225677603e-8,0.7127351384477825,0.7014332629850256],[1,-179.99990567592812,179.999906517761,89.08421659248222]]],[0,"bbbT79aClXuaWQDM8SeCiY",1,0],[1,0.13685476779937744,-0.06003260612487793,-0.017368435859680176],[3,-0.1673444815267504,0.08695138286027557,0.2768333269045508,0.9422306461987887],[1,-24.688426747642307,17.142431839455604,29.510300381098883]],[3,"Bip001 L Finger2",5,[[1,"Bip001 L Finger21",-26,[0,"9ev3MtyvBV2rbplllg57Jh",1,0],[1,0.11604306101799011,1.1102230246251565e-16,1.1102230246251565e-16],[3,0.005586658533918401,0.02709030512049791,0.581860832975312,0.8128178613097644],[1,-3.9771057377360717,6.661465414910693,71.11965907439375]]],[0,"8bBbnvR5BZg5Jw8jOHrPwj",1,0],[1,0.13624519109725952,-0.048795878887176514,0.09180718660354614],[3,-0.13856673351836557,0.07784738454096357,0.36049381187707236,0.9191209151578041],[1,-23.893264133111604,18.45982424655009,39.87394415309718]],[2,"Bip001 R Clavicle",4,[-27],[0,"51huZ8K1Jf9p74wDRMx6+b",1,0],[1,-0.15008139610290527,-0.02937893196940422,-0.16028745472431183],[3,0.7480214735998131,-0.0002969640733798371,-0.6636744054438308,-0.0002653388038828932],[1,-179.95467140421664,83.16142932137103,-0.005275443688355604]],[2,"Bip001 R UpperArm",16,[-28],[0,"b70dK6dupYG5jD+LIG6fnL",1,0],[1,0.17528563737869263,-5.587935447692871e-9,2.220446049250313e-16],[3,0.20653430849426985,-0.547382049607393,0.06835500062185525,0.8081114187241694],[1,24.292656874925044,-66.79363258623155,-6.639931109062676]],[2,"Bip001 R Forearm",17,[6],[0,"88aZBP0ShZ8YOpf63tYIL7",1,0],[1,0.30327725410461426,-5.960464477539063e-8,0],[3,0,0,-0.6512993580123281,0.7588208920771287],[1,0,0,-81.27927936718207]],[3,"Bip001 R Finger0",6,[[1,"Bip001 R Finger01",-29,[0,"f3KxLtnWNbo6Bdc0Y7eNhQ",1,0],[1,0.12686097621917725,-5.551115123125783e-17,0],[3,4.6844838988063015e-8,5.099695762537187e-9,0.417040853527885,0.9088877414118484],[1,0.000007107554750065308,-0.0000026183196263363308,49.29580931519113]]],[0,"17HF9wCc5d3rVOFTz21b+i",1,0],[1,0.052145957946777344,0.010561227798461914,0.07510733604431152],[3,-0.7992934893017968,-0.2846068551680877,0.14495339058835943,0.5090357261607757],[1,-113.61955784540162,-4.169697231212765,37.05215275548036]],[3,"Bip001 R Finger1",6,[[1,"Bip001 R Finger11",-30,[0,"4cFxd831tYoaiFrSDqnXWY",1,0],[1,0.11407217383384705,-1.1920928955078125e-7,-5.960464477539063e-8],[3,-1.6841125531131413e-10,2.1072748647615377e-8,0.7127351086492664,0.7014332932636701],[1,-179.99989146868464,179.99989316258515,89.08422146059704]]],[0,"55Hq7Bg8JaDJAl9yi4lg+C",1,0],[1,0.1368546485900879,-0.06003260612487793,0.01736849546432495],[3,0.16734449633585335,-0.08695136046070064,0.2768333267522613,0.9422306456804558],[1,24.688427931148876,-17.1424295363662,29.510300667330508]],[3,"Bip001 R Finger2",6,[[1,"Bip001 R Finger21",-31,[0,"1cBQ1fbUBQbrU+8TzqAqSk",1,0],[1,0.1160430908203125,5.960464477539063e-8,0],[3,-0.0055866544205679615,-0.027090301771503896,0.5818609006622605,0.8128178129955181],[1,3.977108907119225,-6.661467934225278,71.11966855597838]]],[0,"40Xw2zr0BZiIO+5ov1JHif",1,0],[1,0.13624513149261475,-0.04879593849182129,-0.09180724620819092],[3,0.1385667058573379,-0.07784737829337175,0.3604937876455218,0.9191209293611369],[1,23.893258845831284,-18.459820830051857,39.87394204293123]],[2,"Bip001 L Thigh",3,[-32],[0,"0de+Ftm/NVE6TrQBp8kRL3",1,0],[1,-0.06955111026763916,-0.019373338669538498,0.16432179510593414],[3,0.1365471175158444,0.9795017773234587,0.11902838866105335,-0.08811013341865497],[1,-15.392582147897418,-167.78117226829093,14.271742314915677]],[2,"Bip001 L Calf",22,[-33],[0,"1cRX6kZK1bapO0EJ8K8BPT",1,0],[1,0.2833104133605957,2.7755575615628914e-17,0],[3,-7.94353597486993e-18,9.663437981896868e-18,-0.2905194084380881,0.9568690993656257],[1,-6.60848836659558e-16,9.566188430703192e-16,-33.77810960344908]],[3,"Bip001 L Foot",23,[[1,"Bip001 L Toe0",-34,[0,"60wnF6MgpRw6Wlfeyp2ebA",1,0],[1,0.12055830657482147,0.1753564178943634,2.9802322387695312e-8],[3,-4.913837954028883e-7,0.0000010259031062596675,0.7071069003953715,0.7071066619767884],[1,0,-0.00007963216615437602,90]]],[0,"c5UiuaRA1ZhpK4YDnQ3Svw",1,0],[1,0.32318341732025146,-5.204170427930421e-18,2.9802322387695312e-8],[3,-0.14829636816999522,-0.12443219624282932,0.16820883418307833,0.9665560531229138],[1,-15.22628584512692,-11.801937960540801,21.227512760199243]],[2,"Bip001 R Thigh",3,[-35],[0,"50/WXGiZZZbKyo9h4g8+rk",1,0],[1,-0.056758761405944824,-0.03232694789767265,-0.1705644577741623],[3,0.28349079891924855,0.9339861013533769,-0.19430671090902984,0.0977130058004596],[1,28.712520919353565,160.36008287869288,29.444506192928287]],[2,"Bip001 R Calf",25,[-36],[0,"a3PFVDlnBaJLZ1Mqt7gTeE",1,0],[1,0.2833103537559509,0,0],[3,7.552592260718814e-17,-3.7706441708005647e-17,-0.293513440263538,0.9559549468383238],[1,8.46347372924871e-15,-1.9213213508359334e-15,-34.136836267456545]],[3,"Bip001 R Foot",26,[[1,"Bip001 R Toe0",-37,[0,"37LmduOZ9ZbYW0ji6j004H",1,0],[1,0.12055831402540207,0.1753564327955246,2.9802322387695312e-8],[3,-1.7085779829572256e-7,2.716841368257836e-7,0.7071070494073549,0.7071065129655654],[1,0,-0.00002768870194162374,90]]],[0,"fbwFfLDa5buq7A9zDiKGi2",1,0],[1,0.32318347692489624,-1.4901161193847656e-8,2.7755575615628914e-17],[3,0.11063275000585403,0.04712268448101054,0.03850727618625852,0.9919964903739128],[1,12.514328107823792,4.8928647296201335,4.9809656483770155]],[9,"VD043_Jetpack_Flyer_Toy",1,[[13,-38,[5,"2c2WQsQF1X7ZP6AX350/uO"],[0,1],[14],1,2,3]],[0,"54yi8+lsBfZJuE0RR0lWNF",1,0],[3,-0.7069990853721455,-0.012340716468250558,-0.012340716468250558,0.7069990853721455],[1,-90.00000000000001,-2.0000002477293823,0]]],0,[0,2,1,0,1,1,0,-1,8,0,-2,28,0,0,2,0,0,2,0,0,2,0,0,2,0,-1,7,0,-2,22,0,-3,25,0,-1,10,0,-2,16,0,0,4,0,-1,13,0,-2,14,0,-3,15,0,-1,19,0,-2,20,0,-3,21,0,-1,9,0,-1,11,0,-1,12,0,0,13,0,0,14,0,0,15,0,-1,17,0,-1,18,0,0,19,0,0,20,0,0,21,0,-1,23,0,-1,24,0,0,24,0,-1,26,0,-1,27,0,0,27,0,1,28,0,3,1,2,0,7,3,0,9,4,0,7,5,0,12,6,0,18,38],[0,0,0,0,0,0],[-1,-2,4,5,-1,6],[0,0,2,3,1,1]],[[[15,"Skin-0",743951864,["Bip001/Bip001 Pelvis/Bip001 Spine/Bip001 Spine1/Bip001 Xtra01","Bip001/Bip001 Pelvis/Bip001 Spine/Bip001 Spine1/Bip001 Neck","Bip001/Bip001 Pelvis/Bip001 Spine/Bip001 Spine1/Bip001 Neck/Bip001 L Clavicle","Bip001/Bip001 Pelvis/Bip001 Spine/Bip001 Spine1","Bip001/Bip001 Pelvis/Bip001 Spine/Bip001 Spine1/Bip001 Neck/Bip001 L Clavicle/Bip001 L UpperArm","Bip001/Bip001 Pelvis/Bip001 Spine","Bip001/Bip001 Pelvis","Bip001/Bip001 Pelvis/Bip001 Spine/Bip001 Spine1/Bip001 Neck/Bip001 Head","Bip001/Bip001 Pelvis/Bip001 Spine/Bip001 L Thigh","Bip001/Bip001 Pelvis/Bip001 Spine/Bip001 Spine1/Bip001 Neck/Bip001 R Clavicle","Bip001","Bip001/Bip001 Pelvis/Bip001 Spine/Bip001 Spine1/Bip001 Neck/Bip001 L Clavicle/Bip001 L UpperArm/Bip001 L Forearm","Bip001/Bip001 Pelvis/Bip001 Spine/Bip001 Spine1/Bip001 Neck/Bip001 R Clavicle/Bip001 R UpperArm","Bip001/Bip001 Pelvis/Bip001 Spine/Bip001 R Thigh","Bip001/Bip001 Pelvis/Bip001 Spine/Bip001 L Thigh/Bip001 L Calf","Bip001/Bip001 Pelvis/Bip001 Spine/Bip001 Spine1/Bip001 Neck/Bip001 R Clavicle/Bip001 R UpperArm/Bip001 R Forearm","Bip001/Bip001 Pelvis/Bip001 Spine/Bip001 R Thigh/Bip001 R Calf","Bip001/Bip001 Pelvis/Bip001 Spine/Bip001 Spine1/Bip001 Neck/Bip001 L Clavicle/Bip001 L UpperArm/Bip001 L Forearm/Bip001 L Hand","Bip001/Bip001 Pelvis/Bip001 Spine/Bip001 Spine1/Bip001 Neck/Bip001 L Clavicle/Bip001 L UpperArm/Bip001 L Forearm/Bip001 L Hand/Bip001 L Finger0","Bip001/Bip001 Pelvis/Bip001 Spine/Bip001 Spine1/Bip001 Neck/Bip001 L Clavicle/Bip001 L UpperArm/Bip001 L Forearm/Bip001 L Hand/Bip001 L Finger1","Bip001/Bip001 Pelvis/Bip001 Spine/Bip001 L Thigh/Bip001 L Calf/Bip001 L Foot","Bip001/Bip001 Pelvis/Bip001 Spine/Bip001 Spine1/Bip001 Neck/Bip001 L Clavicle/Bip001 L UpperArm/Bip001 L Forearm/Bip001 L Hand/Bip001 L Finger2","Bip001/Bip001 Pelvis/Bip001 Spine/Bip001 Spine1/Bip001 Xtra01/L hand handle1","Bip001/Bip001 Pelvis/Bip001 Spine/Bip001 Spine1/Bip001 Neck/Bip001 R Clavicle/Bip001 R UpperArm/Bip001 R Forearm/Bip001 R Hand","Bip001/Bip001 Pelvis/Bip001 Spine/Bip001 Spine1/Bip001 Xtra01/R hand handle1","Bip001/Bip001 Pelvis/Bip001 Spine/Bip001 R Thigh/Bip001 R Calf/Bip001 R Foot","Bip001/Bip001 Pelvis/Bip001 Spine/Bip001 Spine1/Bip001 Neck/Bip001 R Clavicle/Bip001 R UpperArm/Bip001 R Forearm/Bip001 R Hand/Bip001 R Finger0","Bip001/Bip001 Pelvis/Bip001 Spine/Bip001 Spine1/Bip001 Neck/Bip001 L Clavicle/Bip001 L UpperArm/Bip001 L Forearm/Bip001 L Hand/Bip001 L Finger0/Bip001 L Finger01","Bip001/Bip001 Pelvis/Bip001 Spine/Bip001 R Thigh/Bip001 R Calf/Bip001 R Foot/Bip001 R Toe0","Bip001/Bip001 Pelvis/Bip001 Spine/Bip001 L Thigh/Bip001 L Calf/Bip001 L Foot/Bip001 L Toe0","Bip001/Bip001 Pelvis/Bip001 Spine/Bip001 Spine1/Bip001 Neck/Bip001 R Clavicle/Bip001 R UpperArm/Bip001 R Forearm/Bip001 R Hand/Bip001 R Finger1","Bip001/Bip001 Pelvis/Bip001 Spine/Bip001 Spine1/Bip001 Neck/Bip001 R Clavicle/Bip001 R UpperArm/Bip001 R Forearm/Bip001 R Hand/Bip001 R Finger2","Bip001/Bip001 Pelvis/Bip001 Spine/Bip001 Spine1/Bip001 Neck/Bip001 R Clavicle/Bip001 R UpperArm/Bip001 R Forearm/Bip001 R Hand/Bip001 R Finger0/Bip001 R Finger01","Bip001/Bip001 Pelvis/Bip001 Spine/Bip001 Spine1/Bip001 Xtra01/L hand handle2","Bip001/Bip001 Pelvis/Bip001 Spine/Bip001 Spine1/Bip001 Xtra01/R hand handle2","Bip001/Bip001 Pelvis/Bip001 Spine/Bip001 Spine1/Bip001 Neck/Bip001 L Clavicle/Bip001 L UpperArm/Bip001 L Forearm/Bip001 L Hand/Bip001 L Finger2/Bip001 L Finger21","Bip001/Bip001 Pelvis/Bip001 Spine/Bip001 Spine1/Bip001 Neck/Bip001 L Clavicle/Bip001 L UpperArm/Bip001 L Forearm/Bip001 L Hand/Bip001 L Finger1/Bip001 L Finger11","Bip001/Bip001 Pelvis/Bip001 Spine/Bip001 Spine1/Bip001 Neck/Bip001 R Clavicle/Bip001 R UpperArm/Bip001 R Forearm/Bip001 R Hand/Bip001 R Finger2/Bip001 R Finger21","Bip001/Bip001 Pelvis/Bip001 Spine/Bip001 Spine1/Bip001 Neck/Bip001 R Clavicle/Bip001 R UpperArm/Bip001 R Forearm/Bip001 R Hand/Bip001 R Finger1/Bip001 R Finger11"],[[[7,6.187233392296321e-9,-0.0000041444932321610395,1,0,-0.004513197112828493,0.9999898076057434,0.000004144479134993162,0,-0.9999897480010986,-0.00451319757848978,-1.2517745950901826e-8,0,1.3908617496490479,-0.4347469210624695,-3.492707207897183e-7,1],[7,1.0916177961561857e-9,-0.0000014026936696609482,1,0,-0.000796317879576236,-0.9999997019767761,-0.0000014026923054188956,0,0.9999996423721313,-0.0007963179377838969,-2.208607741138735e-9,0,-1.4671730995178223,-0.026515182107686996,-1.3442367219340667e-7,1],[7,0.9999980330467224,-0.0000013709940276385169,0.0019909716211259365,0,0.0000013709912991544115,1,2.729528603140352e-9,0,-0.00199097185395658,8.15931591497017e-14,0.9999979734420776,0,-0.1576644480228424,-0.0018153621349483728,-1.3174101114273071,1],[7,1.0916177961561857e-9,-0.0000014026936696609482,1,0,-0.000796317879576236,-0.9999997019767761,-0.0000014026923054188956,0,0.9999996423721313,-0.0007963179377838969,-2.208607741138735e-9,0,-1.1067795753479004,-0.09257777780294418,-1.3447971980440343e-7,1],[7,0.6554455757141113,0.06636323779821396,0.7523211240768433,0,-0.06185077130794525,0.9975025653839111,-0.03410470485687256,0,-0.7527055740356445,-0.02417786419391632,0.6579132080078125,0,0.7712838649749756,0.007755107246339321,-1.1186999082565308,1],[7,1.0916177961561857e-9,-0.0000014026936696609482,1,0,-0.000796317879576236,-0.9999997019767761,-0.0000014026923054188956,0,0.9999996423721313,-0.0007963179377838969,-2.208607741138735e-9,0,-0.802081823348999,-0.09282040596008301,-1.351526606185871e-7,1],[7,0.0000013868000223737909,0.0000027577070795814507,1,0,6.123234262925839e-17,-1,0.0000027577070795814507,0,1,-3.8243271396898315e-12,-0.0000013868001360606286,0,-0.7414840459823608,-0.06182606890797615,0.0000011987883681285894,1],[7,0.0000013430886838250444,-0.000001402693328600435,1,0,6.123234262925839e-17,-1,-0.000001402693328600435,0,1,1.8840029362976463e-12,-0.0000013430887975118821,0,-1.5326309204101562,-0.02772129327058792,0.000001920690465340158,1],[7,0.13688209652900696,0.1590796560049057,-0.9777305722236633,0,-0.09744144976139069,-0.9800717830657959,-0.17310237884521484,0,-0.9857831597328186,0.11896609514951706,-0.11865334212779999,0,0.701964259147644,-0.175481379032135,0.24123336374759674,1],[7,-0.9999980330467224,-0.0000013708198594031273,0.0019909716211259365,0,-0.000001370817130919022,1,2.729345194296684e-9,0,-0.00199097185395658,8.186228523396691e-14,-0.9999979734420776,0,-0.1576647162437439,-0.001815369469113648,1.3174101114273071,1],[7,0.000001370906943520822,1,-6.123234262925839e-17,0,-1,0.000001370906943520822,6.123225660247469e-17,0,6.123234262925839e-17,6.123225660247469e-17,1,0,-0.06182606890797615,8.47577865670246e-8,-0.7414840459823608,1],[7,0.6495519280433655,0.10997873544692993,0.7523210644721985,0,-0.12831522524356842,0.9911468625068665,-0.03410467877984047,0,-0.7494114637374878,-0.07438148558139801,0.657913327217102,0,0.466444194316864,0.03898624703288078,-1.1187000274658203,1],[7,-0.655445396900177,-0.06636596471071243,0.7523210048675537,0,-0.06185256317257881,0.9975024461746216,0.03410675749182701,0,-0.7527055144309998,-0.02417786605656147,-0.6579132676124573,0,0.7712836265563965,0.0077551016584038734,1.1187001466751099,1],[7,-0.1368820071220398,-0.1590770035982132,-0.9777309894561768,0,-0.09744182229042053,-0.9800722002983093,0.17309975624084473,0,-0.9857831001281738,0.11896612495183945,0.11865350604057312,0,0.7019641995429993,-0.1754814237356186,-0.24123363196849823,1],[7,0.10254950821399689,0.18310290575027466,-0.9777305722236633,0,0.09920996427536011,-0.9798943996429443,-0.173102468252182,0,-0.9897680878639221,-0.07924904674291611,-0.1186533272266388,0,0.4451713562011719,-0.0888102725148201,0.24123336374759674,1],[7,-0.6495516300201416,-0.109981469810009,0.7523209452629089,0,-0.12831701338291168,0.9911466240882874,0.034106750041246414,0,-0.7494114637374878,-0.07438149303197861,-0.657913327217102,0,0.4664440453052521,0.03898622468113899,1.1187001466751099,1],[7,-0.1025499552488327,-0.1831001490354538,-0.9777309894561768,0,0.09920968115329742,-0.9798949360847473,0.17309969663619995,0,-0.9897680282592773,-0.07924902439117432,0.11865349113941193,0,0.4451712965965271,-0.08881032466888428,-0.24123364686965942,1],[7,0.6570939421653748,-0.7182113528251648,0.2289104163646698,0,-0.09769375622272491,0.21997271478176117,0.9706018567085266,0,-0.7474513053894043,-0.6601397395133972,0.07437796890735626,0,0.18840467929840088,1.1060526371002197,-0.1782228797674179,1],[7,0.25852638483047485,-0.09052107483148575,0.9617536664009094,0,-0.36935535073280334,0.9106875658035278,0.18500006198883057,0,-0.8926034569740295,-0.40305623412132263,0.20200228691101074,0,0.509779691696167,0.5170634984970093,-0.8378967642784119,1],[7,0.7021540403366089,-0.6582005023956299,0.2715728282928467,0,-0.17534476518630981,0.2098202407360077,0.9618886113166809,0,-0.6900969743728638,-0.7230129241943359,0.031914111226797104,0,-0.04077046364545822,1.1662547588348389,-0.1627086102962494,1],[7,4.371138828673793e-8,0.2901841998100281,-0.9569708704948425,0,-6.123234262925839e-17,-0.9569709300994873,-0.2901841700077057,0,-1,1.2684354011582855e-8,-4.183052482176208e-8,0,0.1423247903585434,-0.12443234026432037,0.21265490353107452,1],[7,0.7002003788948059,-0.7129670977592468,0.037384044378995895,0,-0.016252584755420685,0.036431171000003815,0.9992039799690247,0,-0.7137615084648132,-0.7002505660057068,0.013921558856964111,0,-0.013526206836104393,1.1857166290283203,-0.05661425366997719,1],[7,1,-0.0000041442608562647365,0.00000464297636426636,0,0.000004123264261579607,0.9999896883964539,0.004513242281973362,0,-0.00000466163373857853,-0.004513242747634649,0.9999896287918091,0,-0.45099756121635437,-0.4027273952960968,-0.8808521628379822,1],[7,-0.6570937037467957,0.718210756778717,0.22891314327716827,0,-0.09769558161497116,0.21997471153736115,-0.9706012606620789,0,-0.7474513649940491,-0.6601397395133972,-0.07437797635793686,0,0.18840453028678894,1.1060527563095093,0.17822299897670746,1],[7,1,-0.00000426350197813008,0.0000046498885239998344,0,0.000004242472641635686,0.9999896883964539,0.004513264633715153,0,-0.000004669084319175454,-0.00451326509937644,0.9999896287918091,0,0.45078185200691223,-0.4027312397956848,-0.8808478713035583,1],[7,4.371138828673793e-8,-0.29018154740333557,-0.9569716453552246,0,-6.123234262925839e-17,-0.9569717049598694,0.29018154740333557,0,-1,-1.2684238548388294e-8,-4.183056034889887e-8,0,0.14232482016086578,-0.12443240731954575,-0.21265514194965363,1],[7,-0.2585253417491913,0.09051850438117981,0.9617542624473572,0,-0.36935609579086304,0.9106878638267517,-0.1849973499774933,0,-0.8926034569740295,-0.403056263923645,-0.20200228691101074,0,0.509779691696167,0.5170634388923645,0.837897002696991,1],[7,0.2512088119983673,-0.1091977059841156,0.9617536664009094,0,-0.3017197251319885,0.9352754950523376,0.18500015139579773,0,-0.9197062849998474,-0.3366536796092987,0.20200230181217194,0,0.4197312593460083,0.48765459656715393,-0.8378967046737671,1],[7,-0.29018157720565796,4.183056034889887e-8,-0.9569716453552246,0,-0.9569717049598694,-5.639562772330464e-8,0.29018154740333557,0,-4.183056034889887e-8,1,5.639563127601832e-8,0,-0.29978886246681213,-0.02176648937165737,-0.212655171751976,1],[7,0.29018422961235046,-4.183052837447576e-8,-0.9569708704948425,0,-0.9569709300994873,-5.6395741410142364e-8,-0.2901841998100281,0,-4.183052837447576e-8,1,-5.639574851556972e-8,0,-0.2997887432575226,-0.02176648937165737,0.21265490353107452,1],[7,-0.7021535634994507,0.6581999659538269,0.27157554030418396,0,-0.1753467172384262,0.20982207357883453,-0.9618878960609436,0,-0.6900970935821533,-0.7230128645896912,-0.0319141149520874,0,-0.04077055677771568,1.1662548780441284,0.16270872950553894,1],[7,-0.7002003192901611,0.7129669785499573,0.03738683834671974,0,-0.016254538670182228,0.03643316403031349,-0.9992039799690247,0,-0.713761568069458,-0.700250506401062,-0.01392156071960926,0,-0.013526327908039093,1.1857167482376099,0.05661429837346077,1],[7,-0.2512079179286957,0.10919494926929474,0.9617542624473572,0,-0.3017204701900482,0.9352759122848511,-0.1849973201751709,0,-0.9197062849998474,-0.3366537094116211,-0.20200230181217194,0,0.4197312295436859,0.48765450716018677,0.8378970623016357,1],[7,1,-0.0000041442608562647365,0.0000046429750000243075,0,0.000004123264261579607,0.9999896883964539,0.004513197112828493,0,-0.000004661632374336477,-0.00451319757848978,0.9999896287918091,0,-0.45099323987960815,0.4837659001350403,-1.0320807695388794,1],[7,1,-0.000004144259946770035,0.000004642974545276957,0,0.000004123264261579607,0.9999895691871643,0.004513194784522057,0,-0.000004661632374336477,-0.004513195250183344,0.9999895095825195,0,0.4507819712162018,0.4830706715583801,-1.0360755920410156,1],[7,0.7548536062240601,-0.6545447111129761,0.0420394130051136,0,-0.02552242949604988,0.03473353013396263,0.9990707039833069,0,-0.6553965210914612,-0.7552251219749451,0.009513161145150661,0,-0.22385025024414062,1.17152738571167,-0.05772443488240242,1],[7,0.6074097156524658,-0.7465264201164246,0.27157285809516907,0,-0.1455814689397812,0.23146571218967438,0.9618885517120361,0,-0.7809349298477173,-0.6237965822219849,0.031914107501506805,0,0.003167590359225869,1.1764847040176392,-0.16270864009857178,1],[7,-0.7548535466194153,0.6545445919036865,0.042042188346385956,0,-0.025524524971842766,0.03473534807562828,-0.9990706443786621,0,-0.655396580696106,-0.7552250623703003,-0.00951316300779581,0,-0.22385036945343018,1.1715275049209595,0.05772446468472481,1],[7,-0.6074093580245972,0.7465257048606873,0.27157554030418396,0,-0.1455831527709961,0.23146775364875793,-0.9618878960609436,0,-0.7809349298477173,-0.6237965226173401,-0.0319141149520874,0,0.0031674474012106657,1.1764848232269287,0.16270872950553894,1]],8,8,8,8,8,8,8,8,8,8,8,8,8,8,8,8,8,8,8,8,8,8,8,8,8,8,8,8,8,8,8,8,8,8,8,8,8,8,8]]],0,0,[],[],[]],[[[16,".bin",963410638,[{"primitives":[{"primitiveMode":7,"jointMapIndex":0,"vertexBundelIndices":[0],"indexView":{"offset":715088,"length":56568,"count":28284,"stride":2}},{"primitiveMode":7,"jointMapIndex":1,"vertexBundelIndices":[1],"indexView":{"offset":815656,"length":4200,"count":2100,"stride":2}}],"vertexBundles":[{"view":{"offset":0,"length":715088,"count":8126,"stride":88},"attributes":[{"name":"a_position","format":32,"isNormalized":false},{"name":"a_normal","format":32,"isNormalized":false},{"name":"a_texCoord","format":21,"isNormalized":false},{"name":"a_tangent","format":44,"isNormalized":false},{"name":"a_joints","format":42,"isNormalized":false},{"name":"a_weights","format":44,"isNormalized":false},{"name":"a_color","format":44,"isNormalized":false}]},{"view":{"offset":771656,"length":44000,"count":500,"stride":88},"attributes":[{"name":"a_position","format":32,"isNormalized":false},{"name":"a_normal","format":32,"isNormalized":false},{"name":"a_texCoord","format":21,"isNormalized":false},{"name":"a_tangent","format":44,"isNormalized":false},{"name":"a_joints","format":42,"isNormalized":false},{"name":"a_weights","format":44,"isNormalized":false},{"name":"a_color","format":44,"isNormalized":false}]}],"jointMaps":[[0,2,3,4,5,6,7,8,9,11,12,13,14,15,16,17,18,19,20,22,23,24,25,27,28,29,36],[0,11,15,17,18,19,21,23,26,27,30,31,32,35,36,37,38]]},"minPosition",8,[1,-1.0414035320281982,-0.6798864006996155,0],"maxPosition",8,[1,1.0414035320281982,0.6798864006996155,2.797865629196167]]],-1],0,0,[],[],[]]]]
